kinematics:
  shoulder:
    x: 0
    y: 0
    z: 0.15167575402586425
    roll: -0
    pitch: 0
    yaw: -4.6855124406773231e-05
  upper_arm:
    x: -0.00018076851016895332
    y: 0
    z: 0
    roll: 1.5715103976358642
    pitch: 0
    yaw: -0.00014365556950313163
  forearm:
    x: -0.24401835623018686
    y: 0
    z: 0
    roll: 0.012609029290506299
    pitch: 6.7507395377596957e-05
    yaw: -4.0099052862831873e-05
  wrist_1:
    x: -0.21391542971202196
    y: 0.00055071013482516041
    z: 0.1129469826820441
    roll: 3.1367168635715896
    pitch: -3.1401608064517759
    yaw: 3.1415518130574736
  wrist_2:
    x: -5.1776593612402379e-06
    y: -0.085411849608947779
    z: 0.00010474883592500126
    roll: 1.56956993041209
    pitch: 0
    yaw: 4.7193382627256573e-05
  wrist_3:
    x: -7.9506315115410295e-05
    y: 0.082462638089850035
    z: -0.00045783894408085713
    roll: 1.5652443065055628
    pitch: 3.1415926535897931
    yaw: -3.1415660206113571
  hash: calib_686e43a63abf21dfc6e68f0b